RMSE: 0.8571
MAE:  0.6582
MSE: 0.7347
FCP:  0.6832
Precision:  0.8642349726775966
Recall:  0.25565750023700096
RMSE: 0.8669
MAE:  0.6612
MSE: 0.7515
FCP:  0.6761
Precision:  0.8547892720306527
Recall:  0.25249711783351003
RMSE: 0.8598
MAE:  0.6594
MSE: 0.7393
FCP:  0.6721
Precision:  0.8722677595628425
Recall:  0.25478409940848273
