MOVIE PROFILES INFO

PCA FIT:  PCA(copy=True, iterated_power='auto', n_components='mle', random_state=None,
    svd_solver='auto', tol=0.0, whiten=False)
PCA FIT Tranform [[-1.73118472e+03 -4.70001047e-01  1.32568666e+00 ... -1.95455136e-03
   2.51916143e-02  5.48228296e-12]
 [-1.72945268e+03  1.36235364e-01  8.47094345e-01 ... -2.96498784e-02
  -1.31790352e-02  3.27049346e-14]
 [-1.72772074e+03 -7.50636915e-01  3.91380641e-01 ... -1.61796057e-02
  -6.31162546e-03 -4.58423273e-14]
 ...
 [ 1.72772068e+03  3.19218998e-02  4.77740760e-02 ... -1.89244986e-02
  -5.21019567e-02  6.23754465e-14]
 [ 1.72945275e+03 -1.80135589e-01  5.73709242e-01 ... -1.09533344e-02
  -3.92072856e-02 -9.53165989e-14]
 [ 1.73118494e+03  6.92234500e-01  8.62914699e-01 ...  5.21921552e-03
  -9.28736547e-03 -2.91680671e-14]]
Expained Variance Ratio:  [9.99997971e-01 3.95505640e-07 3.54072139e-07 2.20717695e-07
 1.58427019e-07 1.39971040e-07 1.32879052e-07 9.70427860e-08
 9.22255240e-08 8.11768667e-08 7.58846500e-08 5.95967102e-08
 5.24829706e-08 3.91550581e-08 3.40382540e-08 3.29830159e-08
 2.67778089e-08 1.91949540e-08 1.00995729e-08 7.09253676e-09
 1.57742817e-32]
Singular Values:  [4.47213543e+04 2.81249480e+01 2.66110043e+01 2.10103827e+01
 1.78004103e+01 1.67314848e+01 1.63021036e+01 1.39314723e+01
 1.35812878e+01 1.27418219e+01 1.23194794e+01 1.09175837e+01
 1.02452979e+01 8.84930827e+00 8.25085633e+00 8.12195483e+00
 7.31817696e+00 6.19596456e+00 4.49435001e+00 3.76631106e+00
 5.61681583e-12]
Get Covariance:  [[ 3.33500000e+05  3.33500000e+05  3.33500000e+05  4.11638319e+01
   3.24509755e+01  9.92646323e+00 -7.01700850e+00 -7.97323662e+00
   2.55152576e+00  2.35192596e+00 -1.47623812e+01  1.51173087e+01
  -3.05452726e+00 -1.81090545e+00 -8.64207104e+00 -5.06753377e-01
  -1.73359180e+01  2.77298649e+01  7.71160580e+00 -1.49524762e+00
  -3.52301151e+00  3.04012006e+01]
 [ 3.33500000e+05  3.33500000e+05  3.33500000e+05  4.11638319e+01
   3.24509755e+01  9.92646323e+00 -7.01700850e+00 -7.97323662e+00
   2.55152576e+00  2.35192596e+00 -1.47623812e+01  1.51173087e+01
  -3.05452726e+00 -1.81090545e+00 -8.64207104e+00 -5.06753377e-01
  -1.73359180e+01  2.77298649e+01  7.71160580e+00 -1.49524762e+00
  -3.52301151e+00  3.04012006e+01]
 [ 3.33500000e+05  3.33500000e+05  3.33500000e+05  4.11638319e+01
   3.24509755e+01  9.92646323e+00 -7.01700850e+00 -7.97323662e+00
   2.55152576e+00  2.35192596e+00 -1.47623812e+01  1.51173087e+01
  -3.05452726e+00 -1.81090545e+00 -8.64207104e+00 -5.06753377e-01
  -1.73359180e+01  2.77298649e+01  7.71160580e+00 -1.49524762e+00
  -3.52301151e+00  3.04012006e+01]
 [ 4.11638319e+01  4.11638319e+01  4.11638319e+01  2.11885693e-01
   6.28441721e-02 -9.81990995e-03 -1.58264132e-02 -5.47391196e-02
   1.51803402e-02 -1.78464232e-03 -5.59179590e-02  4.16958479e-04
  -2.85092546e-03 -2.92546273e-03 -1.11423212e-02 -8.66883442e-03
  -3.63074037e-02  5.18699350e-02  5.20497749e-02  7.99699850e-03
   3.75962981e-03  1.52186093e-02]
 [ 3.24509755e+01  3.24509755e+01  3.24509755e+01  6.28441721e-02
   1.77458479e-01  2.48774387e-02  2.80775388e-02 -1.77496248e-02
  -2.37021011e-02 -1.72961481e-03 -5.03351676e-02  3.47031016e-02
  -2.03651826e-03 -1.26023012e-02  1.43496748e-03 -1.06758379e-02
  -2.35000000e-02  3.32926463e-02 -9.31590795e-03 -2.60430215e-03
   7.75137569e-04  1.73276638e-02]
 [ 9.92646323e+00  9.92646323e+00  9.92646323e+00 -9.81990995e-03
   2.48774387e-02  6.51325663e-02  4.55127564e-02  7.59879940e-03
  -7.53876938e-03 -5.25262631e-04 -1.69084542e-02  1.77138569e-02
  -7.70385193e-04 -4.54227114e-03  1.56028014e-02 -4.17208604e-03
  -2.55627814e-03 -2.26113057e-03 -1.75837919e-02 -2.22111056e-03
  -9.35467734e-04  5.06253127e-03]
 [-7.01700850e+00 -7.01700850e+00 -7.01700850e+00 -1.58264132e-02
   2.80775388e-02  4.55127564e-02  8.43931966e-02  1.45977989e-02
  -1.15022511e-02 -6.97848924e-04 -2.15707854e-02  2.64927464e-02
  -1.02351176e-03 -6.19909955e-03  1.66488244e-02 -4.53526763e-03
  -5.84742371e-03 -8.12806403e-03 -2.48549275e-02 -3.77988994e-03
  -1.40720360e-03  5.09654827e-03]
 [-7.97323662e+00 -7.97323662e+00 -7.97323662e+00 -5.47391196e-02
  -1.77496248e-02  7.59879940e-03  1.45977989e-02  2.38346923e-01
  -1.44279640e-02 -1.43696848e-03 -6.94647324e-02  3.10880440e-03
  -4.30865433e-03 -1.11935968e-02  5.75562781e-03 -2.17223612e-02
   3.40022511e-02 -3.82911456e-02 -7.72223612e-02 -1.05142571e-02
  -2.52701351e-03 -1.04482241e-02]
 [ 2.55152576e+00  2.55152576e+00  2.55152576e+00  1.51803402e-02
  -2.37021011e-02 -7.53876938e-03 -1.15022511e-02 -1.44279640e-02
   1.27913707e-01 -1.12931466e-03  1.27963982e-02 -1.43414207e-02
   6.84792396e-03 -6.33916958e-03 -5.74862431e-03  1.63176588e-02
  -1.90777889e-02 -1.77928964e-02  4.05090045e-02 -4.92546273e-03
  -2.08629315e-03 -3.82291146e-03]
 [ 2.35192596e+00  2.35192596e+00  2.35192596e+00 -1.78464232e-03
  -1.72961481e-03 -5.25262631e-04 -6.97848924e-04 -1.43696848e-03
  -1.12931466e-03  7.44747374e-03 -2.15107554e-03 -8.89194597e-04
  -8.25412706e-05 -5.40270135e-04 -3.11405703e-04 -6.07803902e-04
  -1.39944972e-03 -1.26063032e-03 -2.04477239e-03  1.55077539e-04
  -1.53826913e-04 -3.15157579e-04]
 [-1.47623812e+01 -1.47623812e+01 -1.47623812e+01 -5.59179590e-02
  -5.03351676e-02 -1.69084542e-02 -2.15707854e-02 -6.94647324e-02
   1.27963982e-02 -2.15107554e-03  2.43721861e-01 -2.42821411e-02
   3.80190095e-04 -1.77488744e-02 -5.93296648e-03  4.98249125e-03
   2.41820910e-02 -3.50775388e-02 -7.95397699e-03  1.61880940e-02
  -1.61080540e-03 -1.01450725e-02]
 [ 1.51173087e+01  1.51173087e+01  1.51173087e+01  4.16958479e-04
   3.47031016e-02  1.77138569e-02  2.64927464e-02  3.10880440e-03
  -1.43414207e-02 -8.89194597e-04 -2.42821411e-02  1.04510005e-01
  -8.03901951e-04  2.96948474e-03  6.58554277e-03 -5.98799400e-04
   4.40195098e-03 -6.41120560e-03 -1.78001501e-02 -4.45322661e-03
  -2.43046523e-03  9.52776388e-03]
 [-3.05452726e+00 -3.05452726e+00 -3.05452726e+00 -2.85092546e-03
  -2.03651826e-03 -7.70385193e-04 -1.02351176e-03 -4.30865433e-03
   6.84792396e-03 -8.25412706e-05  3.80190095e-04 -8.03901951e-04
   1.08844422e-02 -7.92396198e-04 -4.56728364e-04  4.11105553e-03
  -5.51775888e-04 -1.34867434e-03  3.50425213e-03 -5.06253127e-04
  -2.25612806e-04 -4.62231116e-04]
 [-1.81090545e+00 -1.81090545e+00 -1.81090545e+00 -2.92546273e-03
  -1.26023012e-02 -4.54227114e-03 -6.19909955e-03 -1.11935968e-02
  -6.33916958e-03 -5.40270135e-04 -1.77488744e-02  2.96948474e-03
  -7.92396198e-04  6.68494247e-02 -1.48874437e-03  8.17208604e-03
  -1.09334667e-02  6.90745373e-03  2.18909455e-02 -3.31365683e-03
  -1.47673837e-03 -1.52476238e-03]
 [-8.64207104e+00 -8.64207104e+00 -8.64207104e+00 -1.11423212e-02
   1.43496748e-03  1.56028014e-02  1.66488244e-02  5.75562781e-03
  -5.74862431e-03 -3.11405703e-04 -5.93296648e-03  6.58554277e-03
  -4.56728364e-04 -1.48874437e-03  3.97976488e-02 -3.36318159e-03
   7.26388194e-03 -5.97498749e-03 -1.08141571e-02 -1.40970485e-03
  -8.51175588e-04  2.57128564e-04]
 [-5.06753377e-01 -5.06753377e-01 -5.06753377e-01 -8.66883442e-03
  -1.06758379e-02 -4.17208604e-03 -4.53526763e-03 -2.17223612e-02
   1.63176588e-02 -6.07803902e-04  4.98249125e-03 -5.98799400e-04
   4.11105553e-03  8.17208604e-03 -3.36318159e-03  7.44762381e-02
  -6.10955478e-03 -2.10905453e-03  3.44447224e-02 -3.72786393e-03
  -6.60830415e-04 -4.02201101e-04]
 [-1.73359180e+01 -1.73359180e+01 -1.73359180e+01 -3.63074037e-02
  -2.35000000e-02 -2.55627814e-03 -5.84742371e-03  3.40022511e-02
  -1.90777889e-02 -1.39944972e-03  2.41820910e-02  4.40195098e-03
  -5.51775888e-04 -1.09334667e-02  7.26388194e-03 -6.10955478e-03
   1.51793647e-01 -2.38439220e-02 -3.03364182e-02 -5.79289645e-04
  -2.32441221e-03 -5.33566783e-03]
 [ 2.77298649e+01  2.77298649e+01  2.77298649e+01  5.18699350e-02
   3.32926463e-02 -2.26113057e-03 -8.12806403e-03 -3.82911456e-02
  -1.77928964e-02 -1.26063032e-03 -3.50775388e-02 -6.41120560e-03
  -1.34867434e-03  6.90745373e-03 -5.97498749e-03 -2.10905453e-03
  -2.38439220e-02  1.39845923e-01  1.87293647e-02 -6.23111556e-03
  -1.94497249e-03  1.29504752e-02]
 [ 7.71160580e+00  7.71160580e+00  7.71160580e+00  5.20497749e-02
  -9.31590795e-03 -1.75837919e-02 -2.48549275e-02 -7.72223612e-02
   4.05090045e-02 -2.04477239e-03 -7.95397699e-03 -1.78001501e-02
   3.50425213e-03  2.18909455e-02 -1.08141571e-02  3.44447224e-02
  -3.03364182e-02  1.87293647e-02  1.98342921e-01 -6.03801901e-03
  -3.08779390e-03 -1.94597299e-03]
 [-1.49524762e+00 -1.49524762e+00 -1.49524762e+00  7.99699850e-03
  -2.60430215e-03 -2.22111056e-03 -3.77988994e-03 -1.05142571e-02
  -4.92546273e-03  1.55077539e-04  1.61880940e-02 -4.45322661e-03
  -5.06253127e-04 -3.31365683e-03 -1.40970485e-03 -3.72786393e-03
  -5.79289645e-04 -6.23111556e-03 -6.03801901e-03  4.39059530e-02
   5.70285143e-05 -1.43271636e-03]
 [-3.52301151e+00 -3.52301151e+00 -3.52301151e+00  3.75962981e-03
   7.75137569e-04 -9.35467734e-04 -1.40720360e-03 -2.52701351e-03
  -2.08629315e-03 -1.53826913e-04 -1.61080540e-03 -2.43046523e-03
  -2.25612806e-04 -1.47673837e-03 -8.51175588e-04 -6.60830415e-04
  -2.32441221e-03 -1.94497249e-03 -3.08779390e-03  5.70285143e-05
   2.00897949e-02 -8.61430715e-04]
 [ 3.04012006e+01  3.04012006e+01  3.04012006e+01  1.52186093e-02
   1.73276638e-02  5.06253127e-03  5.09654827e-03 -1.04482241e-02
  -3.82291146e-03 -3.15157579e-04 -1.01450725e-02  9.52776388e-03
  -4.62231116e-04 -1.52476238e-03  2.57128564e-04 -4.02201101e-04
  -5.33566783e-03  1.29504752e-02 -1.94597299e-03 -1.43271636e-03
  -8.61430715e-04  4.02561281e-02]]
Get Params:  {'copy': True, 'iterated_power': 'auto', 'n_components': 'mle', 'random_state': None, 'svd_solver': 'auto', 'tol': 0.0, 'whiten': False}
Get Precision:  [[ 1.83340221e+26 -8.49405055e+29  8.49221715e+29 -2.02299574e+14
  -4.27288033e+14  1.49654318e+14 -3.36518582e+13  1.86337254e+14
   7.19789084e+13  2.04140340e+14  1.56491418e+14  2.72729481e+13
  -1.37671606e+14 -3.14078082e+13  9.30442198e+13  3.18303640e+13
   5.63921083e+13 -5.62070672e+13 -4.19616679e+14  4.90094053e+13
  -1.42284686e+14  7.47100129e+13]
 [-8.49405055e+29  5.11311498e+33 -5.11226557e+33  3.03896989e+17
   2.70291870e+18 -1.11440260e+18  1.71766814e+17 -6.98531366e+17
  -9.39339565e+17 -1.16050520e+18 -8.81725950e+17 -1.16327776e+17
   8.67588270e+17  2.58074197e+16 -4.85705257e+17 -3.84157237e+17
  -1.46261058e+17  2.37328552e+17  1.87596134e+18 -4.99726548e+17
   9.14731576e+17 -1.69571479e+18]
 [ 8.49221715e+29 -5.11226557e+33  5.11141635e+33 -3.03962386e+17
  -2.70237126e+18  1.11406714e+18 -1.71712788e+17  6.98356666e+17
   9.39089868e+17  1.16029821e+18  8.81678006e+17  1.16374651e+17
  -8.67438597e+17 -2.58547506e+16  4.85687416e+17  3.84098467e+17
   1.46251272e+17 -2.37193522e+17 -1.87578201e+18  4.99576789e+17
  -9.14544372e+17  1.69512265e+18]
 [-1.01985738e+14  3.03944011e+17 -3.03919528e+17 -4.61168602e+18
   8.35233318e+16  3.37050372e+17  8.54121840e+17  3.12899702e+17
  -6.32337301e+16 -6.47376182e+16 -4.20004955e+17 -1.47457875e+18
   2.78844083e+16 -4.74637197e+15  7.84044029e+16 -4.25965797e+16
   1.37377495e+17 -1.11916674e+17  4.88479870e+17 -2.07592257e+17
  -6.50842815e+16  8.60795947e+16]
 [-4.53437389e+14  2.70280415e+18 -2.70239467e+18  7.27509512e+17
  -4.61168602e+18 -1.06457721e+17  4.14892094e+17 -1.61385425e+17
   2.13905333e+16 -6.93357444e+16 -2.74320610e+17  7.71393061e+17
   6.80766003e+16  7.12800311e+16 -4.43276960e+16  2.08241291e+17
   9.97089146e+16 -2.06723093e+17  9.87565320e+16  3.43590577e+17
   7.47817559e+16  1.48688859e+17]
 [ 1.10096894e+14 -1.11439884e+18  1.11408499e+18  3.78902410e+17
   8.20392401e+16  0.00000000e+00 -8.22452033e+17 -1.25574644e+17
   7.05458465e+16 -1.90319581e+16  2.07811053e+17  2.93790227e+17
  -1.49406714e+16 -3.34317194e+17 -4.29984766e+17 -1.05840061e+17
  -1.59645782e+17  9.10725781e+16  1.03932691e+17 -1.18348264e+17
   6.82286065e+16  2.22407125e+17]
 [-2.17227471e+13  1.71804781e+17 -1.71689756e+17  4.92871386e+17
   1.21424445e+17  7.45071888e+16  2.30584301e+18  1.97554259e+16
   8.90075574e+15 -2.52860752e+16  1.10647708e+17 -4.48581631e+17
  -1.39144711e+16 -1.46222701e+17  5.62576625e+17 -2.32135619e+17
  -2.20033664e+17  4.46067325e+17  3.02462350e+17  1.09828681e+17
  -1.60697485e+16 -1.65562493e+17]
 [ 1.90218993e+14 -6.98445349e+17  6.98407629e+17 -1.03496124e+18
  -2.06807910e+17  1.48616842e+17  3.04525985e+17  2.30584301e+18
  -1.66012028e+17 -2.59782047e+15  5.26721283e+16 -3.67111391e+17
   9.60722721e+16 -1.30456728e+17  1.11972107e+16 -7.82938879e+16
   4.02053340e+16 -4.16923726e+17 -7.17589647e+17  1.86890835e+17
   1.29217858e+17 -1.86965451e+16]
 [ 1.14802462e+14 -9.39347576e+17  9.39094716e+17  9.65144307e+17
   5.84892517e+17  7.11435337e+16 -1.30537658e+17 -3.29381938e+17
  -2.30584301e+18 -7.28217366e+16  6.23564995e+17  8.02561421e+17
  -1.76063001e+17  2.07235020e+17 -6.69037042e+16 -3.99054663e+16
  -1.44495359e+16  1.01286067e+17  2.84450216e+17  3.74325953e+16
  -1.19143047e+17  8.26531569e+15]
 [ 1.95816893e+14 -1.16048233e+18  1.16030419e+18 -9.46260175e+16
  -1.50710902e+16 -1.78608778e+16 -1.90324361e+16 -3.18562633e+16
  -2.50451302e+16 -2.30584301e+18  2.63543496e+16  5.65220958e+15
  -1.53084929e+17 -2.05827316e+16 -1.33968959e+16 -5.34086489e+16
  -3.35941463e+15 -2.67684523e+16 -3.68048607e+16 -3.55709433e+16
   4.04189879e+16 -4.26591674e+16]
 [ 9.65010122e+12 -8.81897985e+17  8.81497273e+17 -2.76642431e+17
  -1.10258628e+18  2.94251628e+17  2.50416834e+17  3.57455480e+17
   2.69883296e+17  1.24758595e+16  0.00000000e+00 -3.48731575e+17
   7.98207440e+16  4.66907218e+16  1.20792571e+16  1.71687137e+16
  -4.24747589e+17 -5.35555496e+17  2.83341266e+17 -2.49716919e+17
   4.89387663e+16  2.46991686e+17]
 [ 6.91651540e+12 -1.16339763e+17  1.16364493e+17 -8.28229786e+17
   4.28212691e+17 -3.97284338e+17 -8.16923783e+17  3.80387764e+17
   1.36506463e+17  6.62829941e+16 -1.40525603e+17  0.00000000e+00
   7.85356484e+16 -3.71566263e+16 -1.41916192e+17  1.59927485e+17
   3.28460690e+17  8.81935149e+17  9.58754514e+16 -2.24299901e+17
  -4.44862783e+16  3.29400363e+17]
 [-1.51491813e+14  8.67590923e+17 -8.67450321e+17  8.06083860e+16
   2.05804461e+16  3.73560487e+16  9.75157903e+15 -5.24483040e+15
  -2.03464775e+17 -2.01934279e+17  2.14581476e+16  8.70448226e+16
   2.30584301e+18  9.88670612e+16  4.03790496e+14 -7.88405651e+16
   1.44326949e+16  8.89250934e+16 -5.63849186e+16 -1.04962598e+16
   1.67662794e+16  7.82470669e+15]
 [-3.68186608e+13  2.58101283e+16 -2.58584247e+16 -8.29854815e+16
   3.53065243e+17 -1.23308629e+17 -3.00847760e+17 -5.25222877e+16
   1.71878753e+17 -2.14329470e+16  4.08701466e+17  4.85699341e+17
   1.29051210e+17 -2.30584301e+18 -3.38895571e+17  3.25435956e+17
  -4.15228289e+15  3.36801216e+17  2.23527848e+17  2.32442135e+17
  -2.30765458e+16  7.71134688e+16]
 [ 1.37969739e+14 -4.85685316e+17  4.85708425e+17 -4.13363615e+16
   1.33610173e+17 -3.07280546e+17 -3.09684083e+17 -4.29573028e+16
   3.31861316e+16 -2.61713427e+16  1.23165968e+16  2.59037661e+16
   1.24357638e+16 -2.14739332e+17 -2.30584301e+18 -3.06537447e+16
  -1.75164787e+17  1.65817485e+17 -3.92481317e+16 -2.43306081e+16
  -1.08866187e+17  2.63534198e+17]
 [ 5.41253521e+13 -3.84160692e+17  3.84090274e+17  4.79004986e+17
  -1.05434226e+17 -2.46603020e+17 -3.64434043e+17  3.17123351e+17
  -2.52697492e+17 -4.31779480e+16  2.17502270e+17 -4.04241026e+16
  -1.29440317e+17  1.06501886e+17 -2.69210463e+17  0.00000000e+00
  -1.61131878e+16  2.85466679e+17 -8.14192582e+17 -4.70290044e+16
   4.12108210e+16  1.76527650e+17]
 [ 5.25344572e+13 -1.46238890e+17  1.46249083e+17 -1.42865943e+18
   1.06825225e+16  1.00128612e+17  2.36535653e+17  4.09874437e+17
   4.12497727e+17 -3.33200067e+16 -1.18074249e+17  3.82772002e+17
  -2.68566251e+16 -3.80985122e+16  1.05546557e+17  1.54145189e+17
   0.00000000e+00 -2.67038140e+17  6.96933296e+17  1.25202713e+17
  -4.52183315e+16 -1.01750166e+17]
 [-3.82522208e+13  2.37307752e+17 -2.37173853e+17  4.50275711e+17
  -2.87104790e+17  1.19440160e+17  2.83833058e+17  1.56073301e+17
   3.43911770e+17  5.09384375e+16 -3.54362143e+17 -3.37048282e+17
   7.22638037e+16 -9.43476801e+16  1.28693681e+17  3.08965898e+17
  -5.65212868e+17  2.30584301e+18  3.86242753e+17  4.03161341e+17
   4.44017928e+16  9.21216549e+16]
 [-3.55840740e+14  1.87599140e+18 -1.87576365e+18  1.21368499e+18
  -1.26936519e+17 -1.95727787e+15 -1.34429212e+17 -2.10718576e+17
  -4.54293837e+17 -4.48214463e+16 -1.05236260e+17 -5.75238694e+17
  -4.92594491e+16  3.66955921e+17 -1.55897596e+17 -3.38080487e+17
   4.60502570e+17  4.95823874e+17  0.00000000e+00  3.24219963e+17
  -4.30354777e+16 -2.31728038e+17]
 [ 4.34784862e+13 -4.99730819e+17  4.99570578e+17  5.27196970e+15
  -3.10174808e+14 -1.16327568e+17  2.84189569e+17  4.39000151e+16
  -2.63591274e+16 -4.35316970e+16  2.44205739e+17 -2.23069690e+17
  -1.31135348e+16  1.31088095e+17  1.39122534e+17 -1.78956809e+17
   3.53772559e+16  2.98976375e+17 -1.16449338e+17  4.61168602e+18
  -1.44205305e+17 -2.60505478e+17]
 [-1.31828800e+14  9.14727707e+17 -9.14553573e+17  1.83406653e+17
   2.95253203e+16  8.59488788e+15 -9.45515767e+15  1.11067865e+17
   1.55924491e+16 -1.23314055e+17  6.82280225e+16 -1.18143426e+17
   4.00152605e+16 -5.58444963e+16 -4.04114714e+16  2.94907508e+16
  -3.66584432e+16 -1.48057185e+15  1.00170689e+17 -1.31126883e+17
   2.30584301e+18  3.20768641e+16]
 [ 7.15925034e+13 -1.69568419e+18  1.69524466e+18  3.83342296e+16
  -6.85533119e+15  1.95712338e+17 -2.05518999e+17  2.59214667e+15
   7.39999336e+16 -2.47624686e+16 -4.45427827e+16  6.86919667e+16
   2.90335820e+15  1.42596145e+17  4.80468226e+17  7.75549655e+16
  -1.23399366e+17  1.32270567e+17 -4.67976154e+16 -2.24068287e+17
  -1.94027200e+17 -2.30584301e+18]]
Score:  -inf
N Components: mle
N Features: 22


USER PROFILES INFO

PCA FIT:  PCA(copy=True, iterated_power='auto', n_components='mle', random_state=None,
    svd_solver='auto', tol=0.0, whiten=False)
PCA FIT Tranform [[ 4.15778819e+02  4.52119560e-01 -1.53973018e-01 ...  1.87302132e-03
   2.38405648e-02 -9.16235726e-03]
 [ 4.14364549e+02  2.22525367e-01 -6.45914708e-01 ... -6.99195473e-02
   2.59344829e-02 -1.83485496e-02]
 [ 4.12950355e+02  8.09581991e-02  6.03061222e-02 ...  5.00170071e-03
  -3.98245057e-03  5.54080891e-03]
 ...
 [-4.12950352e+02 -1.26940515e+00  2.20201349e-01 ... -3.51938563e-02
   1.93603579e-02  9.57673565e-03]
 [-4.14364700e+02  8.10979283e-01  4.12343417e-01 ... -1.02001525e-01
  -8.81379160e-03 -2.14173848e-02]
 [-4.15778767e+02  6.99307175e-01  6.16854981e-01 ...  3.08556504e-03
  -4.78121745e-02  1.66503003e-03]]
Expained Variance Ratio:  [9.99953957e-01 1.56014843e-05 1.13888950e-05 4.91458184e-06
 3.11231206e-06 2.42445324e-06 1.68064433e-06 1.52512677e-06
 1.25576015e-06 9.21810049e-07 7.81861374e-07 5.53357114e-07
 4.16859517e-07 3.96963329e-07 3.76861542e-07 3.30013783e-07
 1.60323768e-07 1.40810650e-07 3.59380232e-08 2.52077465e-08]
Singular Values:  [5.83575024e+03 2.30509938e+01 1.96946147e+01 1.29374886e+01
 1.02955194e+01 9.08685507e+00 7.56562137e+00 7.20708537e+00
 6.53973340e+00 5.60308762e+00 5.16025988e+00 4.34119650e+00
 3.76791898e+00 3.67690060e+00 3.58259409e+00 3.35253048e+00
 2.33671449e+00 2.18990082e+00 1.10632770e+00 9.26560338e-01]
Get Covariance:  [[ 2.89591667e+04  2.89591667e+04  1.27889092e+00 -5.62608739e-01
   6.74872232e-02  7.94797778e-01 -2.53175456e+00 -6.03709933e-01
   2.37075000e-01 -7.64936415e-01 -2.50863608e+00  8.19774250e-01
  -4.07433035e+00  1.57880642e-02  2.11984858e-01 -4.70701046e-01
  -3.07915290e-03 -2.43449880e+00  1.74871105e-01  1.14646332e+00
  -1.41342388e+00]
 [ 2.89591667e+04  2.89591667e+04  1.27889092e+00 -5.62608739e-01
   6.74872232e-02  7.94797778e-01 -2.53175456e+00 -6.03709933e-01
   2.37075000e-01 -7.64936415e-01 -2.50863608e+00  8.19774250e-01
  -4.07433035e+00  1.57880642e-02  2.11984858e-01 -4.70701046e-01
  -3.07915290e-03 -2.43449880e+00  1.74871105e-01  1.14646332e+00
  -1.41342388e+00]
 [ 1.27889092e+00  1.27889092e+00  3.92620099e-01  2.32764959e-01
   2.69256862e-03 -1.26422432e-02 -1.34116131e-01  4.71040794e-02
  -2.92362194e-03 -1.01620777e-01  2.86443579e-02 -5.02439785e-03
   8.88782926e-03 -2.88550675e-02  1.48758120e-03 -1.10251353e-01
   1.88745645e-01  1.43378668e-01  2.19145698e-02  5.01234867e-03
   6.44558352e-02]
 [-5.62608739e-01 -5.62608739e-01  2.32764959e-01  3.04204765e-01
   7.86609190e-02  7.83068651e-02 -4.22448511e-02 -3.70012747e-02
  -2.93475331e-03 -1.21622547e-01  1.13276502e-01 -6.63226576e-03
  -9.27118645e-03  6.18865468e-03 -1.30626397e-02 -5.59007607e-02
   1.44027427e-01  1.47382480e-02 -6.95278691e-03 -1.48531412e-03
   8.53153944e-02]
 [ 6.74872232e-02  6.74872232e-02  2.69256862e-03  7.86609190e-02
   9.62772748e-02  9.15556290e-02  4.48079345e-02 -3.22659234e-02
  -8.84466210e-05 -4.18133952e-02  5.68656875e-02 -2.60300219e-03
  -7.73468921e-03  2.77735855e-02 -8.40361974e-03  1.03126544e-02
   1.13852703e-02 -4.69565640e-02 -1.09875725e-02 -5.19956761e-03
   2.90138303e-02]
 [ 7.94797778e-01  7.94797778e-01 -1.26422432e-02  7.83068651e-02
   9.15556290e-02  1.09651703e-01  5.85127466e-02 -4.71728406e-02
  -8.06033020e-04 -5.57744070e-02  6.27941121e-02 -3.75443928e-03
  -9.76011219e-03  3.76899529e-02 -1.53231940e-02  2.09478750e-02
  -2.13141852e-03 -5.65482151e-02 -1.15114583e-02 -3.30251048e-03
   2.42069454e-02]
 [-2.53175456e+00 -2.53175456e+00 -1.34116131e-01 -4.22448511e-02
   4.48079345e-02  5.85127466e-02  2.96337147e-01 -6.09339090e-02
  -4.94893057e-04 -6.73953621e-02  1.78900638e-02 -1.80383356e-03
  -1.13474687e-02  3.27259061e-02 -3.16375383e-02  1.03807660e-01
  -8.31204709e-02 -1.16176858e-01 -3.28111552e-02 -6.18441816e-03
  -3.44510100e-02]
 [-6.03709933e-01 -6.03709933e-01  4.71040794e-02 -3.70012747e-02
  -3.22659234e-02 -4.71728406e-02 -6.09339090e-02  1.54960784e-01
   1.26692452e-03  1.05379611e-01 -3.41440607e-02  3.80778466e-03
  -4.04025293e-03 -2.40844631e-02  3.45195127e-02 -4.12013318e-02
  -9.56529037e-03  1.01081819e-01  1.97878590e-02  1.36995059e-03
   8.41023365e-03]
 [ 2.37075000e-01  2.37075000e-01 -2.92362194e-03 -2.93475331e-03
  -8.84466210e-05 -8.06033020e-04 -4.94893057e-04  1.26692452e-03
   1.59527560e-03  2.67758015e-03 -9.26102354e-04  2.29306849e-04
  -6.17392201e-04 -6.64560802e-04  3.33446336e-04 -7.75804129e-04
  -1.77052424e-03 -1.04369397e-03  1.21534987e-04 -2.61950070e-04
  -5.17432550e-04]
 [-7.64936415e-01 -7.64936415e-01 -1.01620777e-01 -1.21622547e-01
  -4.18133952e-02 -5.57744070e-02 -6.73953621e-02  1.05379611e-01
   2.67758015e-03  3.57695771e-01 -4.76407375e-02  7.14684965e-03
  -1.60509718e-02 -1.53242412e-02  4.47119008e-02  5.27727381e-02
  -5.72088180e-02  4.18514614e-02  5.13104716e-02  4.56502049e-03
  -8.45713225e-04]
 [-2.50863608e+00 -2.50863608e+00  2.86443579e-02  1.13276502e-01
   5.68656875e-02  6.27941121e-02  1.78900638e-02 -3.41440607e-02
  -9.26102354e-04 -4.76407375e-02  1.16211704e-01 -2.18442676e-03
   1.29403213e-03  1.66756270e-02 -1.25953060e-03  7.59146595e-03
   2.39449070e-02 -3.98668490e-02 -1.49939056e-02 -6.32256589e-03
   4.87385173e-02]
 [ 8.19774250e-01  8.19774250e-01 -5.02439785e-03 -6.63226576e-03
  -2.60300219e-03 -3.75443928e-03 -1.80383356e-03  3.80778466e-03
   2.29306849e-04  7.14684965e-03 -2.18442676e-03  3.08554046e-03
   6.26442687e-04 -5.16544173e-04  4.87679179e-03  2.79485499e-05
  -2.12437004e-03  1.91698835e-03  1.49921166e-03  1.69338171e-04
  -2.54160890e-03]
 [-4.07433035e+00 -4.07433035e+00  8.88782926e-03 -9.27118645e-03
  -7.73468921e-03 -9.76011219e-03 -1.13474687e-02 -4.04025293e-03
  -6.17392201e-04 -1.60509718e-02  1.29403213e-03  6.26442687e-04
   5.77032876e-02 -1.59725300e-03  7.64029395e-03 -2.11772825e-02
   1.97429456e-02  2.12832579e-02 -3.47688751e-03  3.91653472e-04
  -8.92746082e-03]
 [ 1.57880642e-02  1.57880642e-02 -2.88550675e-02  6.18865468e-03
   2.77735855e-02  3.76899529e-02  3.27259061e-02 -2.40844631e-02
  -6.64560802e-04 -1.53242412e-02  1.66756270e-02 -5.16544173e-04
  -1.59725300e-03  3.64049812e-02 -8.35708844e-03  2.40519906e-02
  -1.93810898e-02 -2.57369955e-02 -5.21419047e-03  3.55423245e-03
  -1.17333271e-03]
 [ 2.11984858e-01  2.11984858e-01  1.48758120e-03 -1.30626397e-02
  -8.40361974e-03 -1.53231940e-02 -3.16375383e-02  3.45195127e-02
   3.33446336e-04  4.47119008e-02 -1.25953060e-03  4.87679179e-03
   7.64029395e-03 -8.35708844e-03  3.97451313e-02 -1.04711542e-02
   6.13061765e-03  3.87247213e-02  4.57498236e-03 -2.76120624e-03
   6.93158829e-03]
 [-4.70701046e-01 -4.70701046e-01 -1.10251353e-01 -5.59007607e-02
   1.03126544e-02  2.09478750e-02  1.03807660e-01 -4.12013318e-02
  -7.75804129e-04  5.27727381e-02  7.59146595e-03  2.79485499e-05
  -2.11772825e-02  2.40519906e-02 -1.04711542e-02  1.60279284e-01
  -6.70074768e-02 -6.47343526e-02 -1.49870467e-03 -2.80275357e-03
  -2.00095756e-02]
 [-3.07915290e-03 -3.07915290e-03  1.88745645e-01  1.44027427e-01
   1.13852703e-02 -2.13141852e-03 -8.31204709e-02 -9.56529037e-03
  -1.77052424e-03 -5.72088180e-02  2.39449070e-02 -2.12437004e-03
   1.97429456e-02 -1.93810898e-02  6.13061765e-03 -6.70074768e-02
   2.04731201e-01  5.00708483e-02  4.61825913e-05 -6.27688871e-03
   4.32092406e-02]
 [-2.43449880e+00 -2.43449880e+00  1.43378668e-01  1.47382480e-02
  -4.69565640e-02 -5.65482151e-02 -1.16176858e-01  1.01081819e-01
  -1.04369397e-03  4.18514614e-02 -3.98668490e-02  1.91698835e-03
   2.12832579e-02 -2.57369955e-02  3.87247213e-02 -6.47343526e-02
   5.00708483e-02  2.13435002e-01  1.81520563e-02  6.80732273e-03
   4.03815768e-03]
 [ 1.74871105e-01  1.74871105e-01  2.19145698e-02 -6.95278691e-03
  -1.09875725e-02 -1.15114583e-02 -3.28111552e-02  1.97878590e-02
   1.21534987e-04  5.13104716e-02 -1.49939056e-02  1.49921166e-03
  -3.47688751e-03 -5.21419047e-03  4.57498236e-03 -1.49870467e-03
   4.61825913e-05  1.81520563e-02  3.93292826e-02  3.51250549e-03
   1.60628223e-03]
 [ 1.14646332e+00  1.14646332e+00  5.01234867e-03 -1.48531412e-03
  -5.19956761e-03 -3.30251048e-03 -6.18441816e-03  1.36995059e-03
  -2.61950070e-04  4.56502049e-03 -6.32256589e-03  1.69338171e-04
   3.91653472e-04  3.55423245e-03 -2.76120624e-03 -2.80275357e-03
  -6.27688871e-03  6.80732273e-03  3.51250549e-03  1.29902899e-02
  -3.80311230e-03]
 [-1.41342388e+00 -1.41342388e+00  6.44558352e-02  8.53153944e-02
   2.90138303e-02  2.42069454e-02 -3.44510100e-02  8.41023365e-03
  -5.17432550e-04 -8.45713225e-04  4.87385173e-02 -2.54160890e-03
  -8.92746082e-03 -1.17333271e-03  6.93158829e-03 -2.00095756e-02
   4.32092406e-02  4.03815768e-03  1.60628223e-03 -3.80311230e-03
   7.11019808e-02]]
Get Params:  {'copy': True, 'iterated_power': 'auto', 'n_components': 'mle', 'random_state': None, 'svd_solver': 'auto', 'tol': 0.0, 'whiten': False}
Get Precision:  [[ 9.04877220e+26 -9.04877220e+26  2.47723877e+12 -4.05000912e+12
   4.29089055e+12 -1.62264625e+12  1.39965006e+12 -2.44693643e+12
  -4.14110539e+12  3.47094327e+11  2.40590077e+12  1.08355326e+13
   1.37433545e+12 -4.33280385e+12 -1.79056088e+12 -1.96709193e+11
  -9.56166484e+11  2.83039587e+12 -3.61503753e+12 -3.19699467e+11
   4.60029324e+12]
 [-9.04877220e+26  9.04877220e+26 -2.47726219e+12  4.05003016e+12
  -4.29090024e+12  1.62265459e+12 -1.39961281e+12  2.44693241e+12
   4.14110649e+12 -3.47078795e+11 -2.40590151e+12 -1.08355272e+13
  -1.37433058e+12  4.33278379e+12  1.79057844e+12  1.96714134e+11
   9.56138198e+11 -2.83031051e+12  3.61506553e+12  3.19669663e+11
  -4.60029444e+12]
 [ 2.47725552e+12 -2.47725859e+12  0.00000000e+00  1.63072446e+11
   2.18515576e+10 -2.26242722e+10  7.04178260e+10 -2.02035184e+10
   9.33020956e+08  9.89243651e+10 -8.59471942e+10 -1.09795654e+10
   1.53281932e+10  3.27339487e+10 -8.09258568e+10  1.14361970e+10
  -6.99311641e+09  2.60215889e+11 -9.09762340e+10  1.94559093e+09
   5.33911638e+10]
 [-4.05001984e+12  4.05001706e+12  1.64442562e+11  2.74877907e+11
  -6.18016451e+10  7.40602008e+10  1.34662024e+10  1.03649968e+11
  -5.22188539e+09  1.78129143e+10 -3.98848969e+10  5.19349007e+09
   6.16078542e+10  7.99658295e+09 -3.24825838e+10 -8.03394284e+10
  -1.11956393e+11 -1.61522997e+11  7.32004823e+10  1.89536103e+08
  -2.06827072e+11]
 [ 4.29089317e+12 -4.29090654e+12 -2.53548626e+10  4.85040519e+10
  -2.74877907e+11  1.26147632e+11  2.24565296e+10  1.60243578e+10
  -2.41154993e+08  2.91157882e+10  1.80284916e+11  6.77944333e+09
   1.87603001e+09 -1.18003499e+10  4.50103794e+10  3.30412298e+10
  -5.65596078e+10  1.59257282e+10 -3.17508080e+11  1.90058570e+11
  -1.78179520e+10]
 [-1.62265653e+12  1.62263972e+12 -7.44849265e+10  1.04869488e+11
   1.07127211e+11  0.00000000e+00  4.10743248e+09 -6.83314293e+10
   1.19039736e+10  2.05160842e+10  1.60732787e+11 -2.12496505e+09
  -8.02282574e+10  2.80826814e+11 -3.26220510e+10 -3.78521700e+10
  -3.35502299e+10  3.14641366e+10  7.31426110e+10 -1.25147820e+11
   1.91451308e+10]
 [ 1.39964331e+12 -1.39962189e+12  1.80630446e+10 -6.47657298e+10
  -2.06546413e+10 -4.94418431e+08  0.00000000e+00 -8.06438158e+10
  -4.75445817e+09  2.21545793e+10 -4.72601311e+10 -1.03051530e+10
  -6.83188681e+09 -3.42100583e+10 -1.10774292e+10  1.18277439e+11
  -3.37616938e+10  1.03103449e+11  7.04755927e+10  5.65052167e+09
  -7.99389977e+09]
 [-2.44693398e+12  2.44693975e+12 -2.11061686e+10  7.54819112e+10
   4.67530465e+10 -8.63720846e+10  3.43662767e+10  0.00000000e+00
   5.04884841e+09  9.04677635e+10 -3.47292341e+10  1.14016052e+10
  -5.24965227e+10 -4.81210344e+10  1.78352509e+10  1.86130093e+11
   1.60084337e+10  1.69795718e+11 -2.92646820e+10  2.01064573e+10
  -2.88372463e+10]
 [-4.14110075e+12  4.14110391e+12 -2.60161953e+09 -9.37990561e+09
  -3.02004772e+09  6.49350674e+09 -6.18576571e+09  7.66936994e+08
  -2.74877907e+11  3.61751091e+09 -1.53647944e+08  1.66955524e+10
   3.25052278e+09 -1.24408169e+10  3.20215657e+09  5.52346683e+09
  -5.85856671e+09 -2.70271888e+09 -2.55676169e+10 -2.65615494e+09
   2.08444831e+09]
 [ 3.47078288e+11 -3.47086835e+11 -4.52492886e+10  2.08592578e+10
   3.31843154e+10  9.38967441e+10 -1.47556021e+10  4.49720148e+10
   4.79609154e+09  0.00000000e+00  1.22531622e+11  2.76621100e+09
   5.20254546e+10  8.22951697e+10  2.39423417e+10 -1.23898332e+10
  -1.13322602e+10 -3.30046494e+10  3.34607223e+10 -3.67173740e+10
  -1.02035961e+11]
 [ 2.40594163e+12 -2.40586601e+12 -1.00211762e+11  9.65255752e+10
   3.79613847e+09 -3.44334869e+10  1.29540741e+09 -1.76533354e+10
  -2.95261793e+09  4.50276478e+10 -5.49755814e+11  1.46940514e+09
   1.68699039e+10 -1.23015290e+11  6.33195305e+10  6.44240714e+10
  -8.15021109e+10  7.01611505e+10  1.29353790e+11  4.62135783e+10
   2.11310183e+11]
 [ 1.08355252e+13 -1.08355189e+13 -1.35297910e+10  4.58923745e+09
  -2.61993536e+10  2.67374953e+08 -1.21523670e+10  1.50986715e+10
   3.73468493e+10  8.66420959e+09 -8.27565941e+09 -2.74877907e+11
   2.90210223e+10 -9.86688564e+09 -3.44653348e+10  5.02601384e+09
   1.80992823e+09  5.93744029e+09 -3.97410056e+10  4.72924615e+10
  -1.88081169e+10]
 [ 1.37435915e+12 -1.37434276e+12 -1.28168794e+10  1.11929497e+11
  -2.95699350e+10 -2.29916694e+10 -9.62166997e+10 -1.40661435e+10
  -4.68451249e+09  8.69588890e+10  1.96306104e+10  1.79076836e+10
   0.00000000e+00 -1.03365371e+10  3.26015192e+10 -3.04348128e+10
  -1.54407393e+11  1.82543928e+11 -2.73582762e+09  8.83065529e+09
  -1.61469703e+11]
 [-4.33280371e+12  4.33278636e+12 -2.74536607e+10  6.63190568e+10
  -3.15265698e+10  4.74504963e+10  7.53480998e+10  1.79748840e+09
  -7.31388028e+09 -1.38153888e+10  4.22934030e+10  1.30311262e+09
  -8.11163002e+10  0.00000000e+00  4.83984596e+10 -1.17401597e+11
   3.02763516e+09  3.28744900e+10  1.33819690e+11 -1.70277553e+11
   2.58861720e+10]
 [-1.79057318e+12  1.79057587e+12 -9.80543594e+09 -5.32626911e+10
  -5.32535951e+10 -2.61630291e+10 -6.59595139e+10 -2.44124446e+10
  -5.12350242e+09  4.87275162e+10 -2.31279649e+10  4.72380971e+10
   5.27533406e+10  5.14585410e+10  0.00000000e+00  4.67381117e+10
  -6.14634937e+10  6.25095881e+10 -1.69979793e+11  3.99739748e+10
   7.57650676e+10]
 [-1.96720524e+11  1.96714456e+11 -4.20663405e+10 -3.68330777e+10
  -2.02837877e+10 -2.32035023e+10  1.48499515e+11  1.02595672e+09
  -5.90232449e+09 -1.20798950e+10 -2.33860503e+10  7.75643409e+09
  -4.93312584e+10 -8.19431198e+10  4.20176480e+10 -8.24633721e+11
   2.21267164e+11  7.86114506e+10 -1.18893292e+11  1.76834172e+09
  -5.57909653e+10]
 [-9.56180897e+11  9.56131739e+11  3.42091947e+10 -5.33158938e+10
  -8.81505003e+10 -2.49406258e+10 -2.18781887e+11 -5.48751670e+10
  -9.22289904e+09 -5.73844421e+10 -8.17493266e+10  1.06754420e+09
  -7.67849444e+10 -1.39850060e+10  2.42683064e+10  1.29137963e+11
   2.74877907e+11  2.70347149e+10  1.17102016e+11  3.88123727e+10
   2.61430612e+10]
 [ 2.83035354e+12 -2.83033738e+12  2.46984270e+11 -5.59166952e+10
   9.85898387e+09 -4.50009769e+10  7.78507213e+10  2.16313860e+10
  -9.13528777e+08  6.54231747e+09  6.52417831e+10  5.51499872e+09
  -6.45976802e+10  1.70981373e+10  2.13069282e+10 -1.05351954e+09
  -8.70236255e+10  0.00000000e+00  1.94099228e+11  1.12204511e+10
   8.55335070e+10]
 [-3.61505222e+12  3.61505409e+12  3.63929932e+09  1.23105792e+11
  -1.54398123e+11  1.30527070e+11  7.71916432e+10 -8.36838790e+10
  -2.05939121e+10  4.90028107e+10  1.47215372e+11  4.87519505e+09
   3.03247435e+10  4.44120775e+10 -3.69195977e+09 -8.21292967e+10
   3.57489294e+10  6.74387234e+10  0.00000000e+00  5.78323768e+10
  -3.91341647e+09]
 [-3.19691449e+11  3.19665147e+11  1.30696346e+10  3.85403248e+10
   1.11705406e+11 -7.51240940e+10  1.14403778e+10 -2.22365279e+10
  -2.14709534e+09 -1.87730344e+10  3.81752726e+10  4.31686005e+10
  -4.08942892e+09 -6.66983570e+10  6.50726482e+09 -2.27443331e+10
   1.16843891e+10  5.08878671e+09  7.41398691e+10  2.74877907e+11
  -1.96032433e+09]
 [ 4.60030396e+12 -4.60028604e+12  7.34327733e+10 -7.34327733e+10
   5.50745800e+10  3.67163866e+10  3.67163866e+10 -1.46865547e+11
   3.44216125e+09 -3.67163866e+10  1.46865547e+11 -3.21268383e+10
  -1.83581933e+11 -2.75372900e+10  3.67163866e+10 -0.00000000e+00
   9.17909666e+09 -1.83581933e+10  3.67163866e+10  9.17909666e+09
   0.00000000e+00]]
Score:  -3970804393060804.0
N Components: mle
N Features: 21
