MOVIE PROFILES INFO

PCA FIT:  PCA(copy=True, iterated_power='auto', n_components='mle', random_state=None,
    svd_solver='auto', tol=0.0, whiten=False)
Original shape:    (2000, 19)
PCA FIT Tranform [[-0.44957719  1.28433787  0.60824427 ...  0.26135682  0.00643536
   0.00799603]
 [ 0.08505912  0.72850405  0.83224694 ... -0.50531053 -0.00382695
  -0.02452165]
 [-0.86187584  0.38393643 -0.36653413 ...  0.01653701 -0.02158032
  -0.00858752]
 ...
 [ 0.19745677  0.13813379  0.05688223 ...  0.00621168 -0.03233734
  -0.02756808]
 [ 0.05775751  0.68970915  0.7837074  ...  0.21424924 -0.06521357
  -0.01933394]
 [ 0.97501494  0.87396066  0.73377584 ...  0.02560023 -0.02169484
  -0.00148564]]
Expained Variance Ratio:  [0.1973232  0.1749443  0.10822461 0.07753266 0.06851518 0.06495379
 0.04747243 0.04511621 0.03979861 0.03746309 0.02913248 0.02565409
 0.01915558 0.01745262 0.01612411 0.01331549 0.00939311 0.00494625]
      Action  Adventure  Animation  ...       War   Western      IMAX
0   0.536976   0.250577  -0.037296  ...  0.004106  0.005940  0.061982
1   0.192674   0.369109   0.135248  ... -0.046559  0.003496  0.056946
2   0.002194   0.460499   0.165662  ...  0.067080  0.007623  0.081577
3  -0.488601   0.107773   0.296034  ... -0.086007 -0.020897  0.010491
4  -0.377467  -0.203596  -0.039609  ... -0.063512 -0.014860  0.013277
5   0.168279   0.160882   0.042335  ... -0.020994 -0.019128  0.004587
6  -0.264132   0.578869  -0.064531  ... -0.085465 -0.031701 -0.035788
7  -0.142056  -0.033310   0.217255  ... -0.147360 -0.039246  0.064116
8   0.206741  -0.219797   0.423628  ...  0.090646  0.007454 -0.048487
9   0.234724  -0.297529   0.076720  ... -0.060192 -0.065678  0.069918
10  0.223489  -0.041495   0.076877  ...  0.051611  0.026356  0.039685
11  0.105195   0.170665   0.128917  ... -0.068156 -0.037228 -0.068861
12 -0.097594   0.048433   0.064667  ...  0.932876 -0.060476 -0.235809
13 -0.068654  -0.023339   0.054873  ...  0.225193 -0.068960  0.945969
14  0.003183   0.042283   0.053450  ...  0.056793 -0.035096  0.085083
15  0.003279  -0.033611   0.769281  ... -0.074615  0.068172 -0.073459
16 -0.030636   0.007276  -0.027384  ...  0.059100  0.986879  0.061378
17  0.028000  -0.002705   0.005975  ... -0.000709  0.013907  0.008252

[18 rows x 19 columns]
Singular Values:  [28.41580139 26.75597187 21.04426896 17.81201986 16.74419309 16.30320866
 13.93771425 13.58742486 12.76158946 12.3814827  10.91841484 10.24587799
  8.85357119  8.45086565  8.12285555  7.38158276  6.19976954  4.49892673]
Get Covariance:  [[ 2.11885693e-01  6.28441721e-02 -9.81990995e-03 -1.58264132e-02
  -5.47391196e-02  1.51803402e-02 -1.78464232e-03 -5.59179590e-02
   4.16958479e-04 -2.85092546e-03 -2.92546273e-03 -1.11423212e-02
  -8.66883442e-03 -3.63074037e-02  5.18699350e-02  5.20497749e-02
   7.99699850e-03  3.75962981e-03  1.52186093e-02]
 [ 6.28441721e-02  1.77458479e-01  2.48774387e-02  2.80775388e-02
  -1.77496248e-02 -2.37021011e-02 -1.72961481e-03 -5.03351676e-02
   3.47031016e-02 -2.03651826e-03 -1.26023012e-02  1.43496748e-03
  -1.06758379e-02 -2.35000000e-02  3.32926463e-02 -9.31590795e-03
  -2.60430215e-03  7.75137569e-04  1.73276638e-02]
 [-9.81990995e-03  2.48774387e-02  6.51325663e-02  4.55127564e-02
   7.59879940e-03 -7.53876938e-03 -5.25262631e-04 -1.69084542e-02
   1.77138569e-02 -7.70385193e-04 -4.54227114e-03  1.56028014e-02
  -4.17208604e-03 -2.55627814e-03 -2.26113057e-03 -1.75837919e-02
  -2.22111056e-03 -9.35467734e-04  5.06253127e-03]
 [-1.58264132e-02  2.80775388e-02  4.55127564e-02  8.43931966e-02
   1.45977989e-02 -1.15022511e-02 -6.97848924e-04 -2.15707854e-02
   2.64927464e-02 -1.02351176e-03 -6.19909955e-03  1.66488244e-02
  -4.53526763e-03 -5.84742371e-03 -8.12806403e-03 -2.48549275e-02
  -3.77988994e-03 -1.40720360e-03  5.09654827e-03]
 [-5.47391196e-02 -1.77496248e-02  7.59879940e-03  1.45977989e-02
   2.38346923e-01 -1.44279640e-02 -1.43696848e-03 -6.94647324e-02
   3.10880440e-03 -4.30865433e-03 -1.11935968e-02  5.75562781e-03
  -2.17223612e-02  3.40022511e-02 -3.82911456e-02 -7.72223612e-02
  -1.05142571e-02 -2.52701351e-03 -1.04482241e-02]
 [ 1.51803402e-02 -2.37021011e-02 -7.53876938e-03 -1.15022511e-02
  -1.44279640e-02  1.27913707e-01 -1.12931466e-03  1.27963982e-02
  -1.43414207e-02  6.84792396e-03 -6.33916958e-03 -5.74862431e-03
   1.63176588e-02 -1.90777889e-02 -1.77928964e-02  4.05090045e-02
  -4.92546273e-03 -2.08629315e-03 -3.82291146e-03]
 [-1.78464232e-03 -1.72961481e-03 -5.25262631e-04 -6.97848924e-04
  -1.43696848e-03 -1.12931466e-03  7.44747374e-03 -2.15107554e-03
  -8.89194597e-04 -8.25412706e-05 -5.40270135e-04 -3.11405703e-04
  -6.07803902e-04 -1.39944972e-03 -1.26063032e-03 -2.04477239e-03
   1.55077539e-04 -1.53826913e-04 -3.15157579e-04]
 [-5.59179590e-02 -5.03351676e-02 -1.69084542e-02 -2.15707854e-02
  -6.94647324e-02  1.27963982e-02 -2.15107554e-03  2.43721861e-01
  -2.42821411e-02  3.80190095e-04 -1.77488744e-02 -5.93296648e-03
   4.98249125e-03  2.41820910e-02 -3.50775388e-02 -7.95397699e-03
   1.61880940e-02 -1.61080540e-03 -1.01450725e-02]
 [ 4.16958479e-04  3.47031016e-02  1.77138569e-02  2.64927464e-02
   3.10880440e-03 -1.43414207e-02 -8.89194597e-04 -2.42821411e-02
   1.04510005e-01 -8.03901951e-04  2.96948474e-03  6.58554277e-03
  -5.98799400e-04  4.40195098e-03 -6.41120560e-03 -1.78001501e-02
  -4.45322661e-03 -2.43046523e-03  9.52776388e-03]
 [-2.85092546e-03 -2.03651826e-03 -7.70385193e-04 -1.02351176e-03
  -4.30865433e-03  6.84792396e-03 -8.25412706e-05  3.80190095e-04
  -8.03901951e-04  1.08844422e-02 -7.92396198e-04 -4.56728364e-04
   4.11105553e-03 -5.51775888e-04 -1.34867434e-03  3.50425213e-03
  -5.06253127e-04 -2.25612806e-04 -4.62231116e-04]
 [-2.92546273e-03 -1.26023012e-02 -4.54227114e-03 -6.19909955e-03
  -1.11935968e-02 -6.33916958e-03 -5.40270135e-04 -1.77488744e-02
   2.96948474e-03 -7.92396198e-04  6.68494247e-02 -1.48874437e-03
   8.17208604e-03 -1.09334667e-02  6.90745373e-03  2.18909455e-02
  -3.31365683e-03 -1.47673837e-03 -1.52476238e-03]
 [-1.11423212e-02  1.43496748e-03  1.56028014e-02  1.66488244e-02
   5.75562781e-03 -5.74862431e-03 -3.11405703e-04 -5.93296648e-03
   6.58554277e-03 -4.56728364e-04 -1.48874437e-03  3.97976488e-02
  -3.36318159e-03  7.26388194e-03 -5.97498749e-03 -1.08141571e-02
  -1.40970485e-03 -8.51175588e-04  2.57128564e-04]
 [-8.66883442e-03 -1.06758379e-02 -4.17208604e-03 -4.53526763e-03
  -2.17223612e-02  1.63176588e-02 -6.07803902e-04  4.98249125e-03
  -5.98799400e-04  4.11105553e-03  8.17208604e-03 -3.36318159e-03
   7.44762381e-02 -6.10955478e-03 -2.10905453e-03  3.44447224e-02
  -3.72786393e-03 -6.60830415e-04 -4.02201101e-04]
 [-3.63074037e-02 -2.35000000e-02 -2.55627814e-03 -5.84742371e-03
   3.40022511e-02 -1.90777889e-02 -1.39944972e-03  2.41820910e-02
   4.40195098e-03 -5.51775888e-04 -1.09334667e-02  7.26388194e-03
  -6.10955478e-03  1.51793647e-01 -2.38439220e-02 -3.03364182e-02
  -5.79289645e-04 -2.32441221e-03 -5.33566783e-03]
 [ 5.18699350e-02  3.32926463e-02 -2.26113057e-03 -8.12806403e-03
  -3.82911456e-02 -1.77928964e-02 -1.26063032e-03 -3.50775388e-02
  -6.41120560e-03 -1.34867434e-03  6.90745373e-03 -5.97498749e-03
  -2.10905453e-03 -2.38439220e-02  1.39845923e-01  1.87293647e-02
  -6.23111556e-03 -1.94497249e-03  1.29504752e-02]
 [ 5.20497749e-02 -9.31590795e-03 -1.75837919e-02 -2.48549275e-02
  -7.72223612e-02  4.05090045e-02 -2.04477239e-03 -7.95397699e-03
  -1.78001501e-02  3.50425213e-03  2.18909455e-02 -1.08141571e-02
   3.44447224e-02 -3.03364182e-02  1.87293647e-02  1.98342921e-01
  -6.03801901e-03 -3.08779390e-03 -1.94597299e-03]
 [ 7.99699850e-03 -2.60430215e-03 -2.22111056e-03 -3.77988994e-03
  -1.05142571e-02 -4.92546273e-03  1.55077539e-04  1.61880940e-02
  -4.45322661e-03 -5.06253127e-04 -3.31365683e-03 -1.40970485e-03
  -3.72786393e-03 -5.79289645e-04 -6.23111556e-03 -6.03801901e-03
   4.39059530e-02  5.70285143e-05 -1.43271636e-03]
 [ 3.75962981e-03  7.75137569e-04 -9.35467734e-04 -1.40720360e-03
  -2.52701351e-03 -2.08629315e-03 -1.53826913e-04 -1.61080540e-03
  -2.43046523e-03 -2.25612806e-04 -1.47673837e-03 -8.51175588e-04
  -6.60830415e-04 -2.32441221e-03 -1.94497249e-03 -3.08779390e-03
   5.70285143e-05  2.00897949e-02 -8.61430715e-04]
 [ 1.52186093e-02  1.73276638e-02  5.06253127e-03  5.09654827e-03
  -1.04482241e-02 -3.82291146e-03 -3.15157579e-04 -1.01450725e-02
   9.52776388e-03 -4.62231116e-04 -1.52476238e-03  2.57128564e-04
  -4.02201101e-04 -5.33566783e-03  1.29504752e-02 -1.94597299e-03
  -1.43271636e-03 -8.61430715e-04  4.02561281e-02]]
Get Params:  {'copy': True, 'iterated_power': 'auto', 'n_components': 'mle', 'random_state': None, 'svd_solver': 'auto', 'tol': 0.0, 'whiten': False}
Get Precision:  [[ 7.31104549e+00 -1.91260043e+00  8.67824143e-01  1.16920769e+00
   1.30517156e+00 -1.16265970e+00  1.82397778e+00  1.77081667e+00
   4.02132166e-02  2.58982323e+00  1.03953985e+00  7.16188782e-01
   1.45982432e+00  4.12984367e-01 -1.23572472e+00 -1.22674180e+00
  -1.89271303e+00 -1.08776979e+00 -1.13698648e+00]
 [-1.91260043e+00  8.05125644e+00 -1.61036206e+00 -1.12812020e+00
   6.76228499e-01  1.28531825e+00  1.86889724e+00  9.00771873e-01
  -1.69190322e+00 -6.21814810e-02  1.80224169e+00  8.20077381e-01
   3.18897446e-01  7.15816785e-01 -6.51057262e-01  4.73570369e-01
   5.79824972e-01  2.17031689e-01 -1.03952083e+00]
 [ 8.67824143e-01 -1.61036206e+00  2.60363839e+01 -1.21118173e+01
   3.13491326e-01 -4.57662946e-01  5.16904272e-01  5.42998010e-01
  -3.34290467e-01  5.19025970e-01  2.90401312e-01 -4.71093505e+00
   2.82053150e-01 -1.18235262e-02 -2.46036331e-01  3.56397220e-01
  -3.09011803e-01  8.78757728e-02 -9.82337705e-01]
 [ 1.16920769e+00 -1.12812020e+00 -1.21118173e+01  2.11520075e+01
  -1.82703724e-03  5.43792877e-01  1.80016122e+00  8.43632383e-01
  -2.27287192e+00  6.80533333e-01  1.21078085e+00 -2.90377207e+00
  -8.64650849e-02  1.29057398e+00  1.06935848e+00  7.94126696e-01
   7.06246001e-01  9.35277299e-01 -3.13436806e-01]
 [ 1.30517156e+00  6.76228499e-01  3.13491326e-01 -1.82703724e-03
   6.69421218e+00 -4.41506272e-02  3.65895531e+00  2.88880371e+00
   6.11147242e-01  2.53064112e+00  1.19140362e+00  7.42548495e-01
   9.45649988e-01 -7.05585023e-01  1.55187573e+00  2.05661522e+00
   1.15371846e+00  1.52578590e+00  1.18083977e+00]
 [-1.16265970e+00  1.28531825e+00 -4.57662946e-01  5.43792877e-01
  -4.41506272e-02  9.76793163e+00  1.67120708e+00 -2.85963310e-01
   5.84832649e-01 -4.76026952e+00  1.72165828e+00  5.31393367e-01
  -1.09371248e+00  1.28856986e+00  1.69475951e+00 -1.33648914e+00
   1.63467187e+00  1.42723751e+00  2.39676273e-01]
 [ 1.82397778e+00  1.86889724e+00  5.16904272e-01  1.80016122e+00
   3.65895531e+00  1.67120708e+00  1.39468326e+02  3.80523575e+00
   1.34242894e+00  2.08614812e+00  2.81224763e+00  1.58140966e+00
   1.04612689e+00  1.94626332e+00  2.43890074e+00  2.36693887e+00
   3.61019932e-01  3.09811148e+00  8.52334454e-01]
 [ 1.77081667e+00  9.00771873e-01  5.42998010e-01  8.43632383e-01
   2.88880371e+00 -2.85963310e-01  3.80523575e+00  6.29629681e+00
   8.25533060e-01  1.89497210e+00  1.98591591e+00  8.74247740e-01
   2.17655540e-01 -5.61068087e-01  1.25780303e+00  8.17771662e-01
  -1.24225403e+00  1.10665756e+00  5.45069236e-01]
 [ 4.02132166e-02 -1.69190322e+00 -3.34290467e-01 -2.27287192e+00
   6.11147242e-01  5.84832649e-01  1.34242894e+00  8.25533060e-01
   1.15326637e+01  1.47028264e-01 -1.07510425e+00 -1.07336446e-01
  -5.36705613e-01 -6.24884979e-01  1.28145119e+00  8.15423123e-01
   8.52473357e-01  1.49486961e+00 -1.69101097e+00]
 [ 2.58982323e+00 -6.21814810e-02  5.19025970e-01  6.80533333e-01
   2.53064112e+00 -4.76026952e+00  2.08614812e+00  1.89497210e+00
   1.47028264e-01  9.81986003e+01  2.20513553e+00  5.32790188e-01
  -3.66947212e+00 -3.44267571e-01  3.78901130e-01  1.37332317e-01
   8.08923093e-02  8.09046681e-01  5.90419000e-01]
 [ 1.03953985e+00  1.80224169e+00  2.90401312e-01  1.21078085e+00
   1.19140362e+00  1.72165828e+00  2.81224763e+00  1.98591591e+00
  -1.07510425e+00  2.20513553e+00  1.73450987e+01  1.93597373e-01
  -8.89948340e-01  1.22178899e+00 -1.80793009e-01 -1.41798856e+00
   7.47690409e-01  1.42917933e+00  7.72028471e-01]
 [ 7.16188782e-01  8.20077381e-01 -4.71093505e+00 -2.90377207e+00
   7.42548495e-01  5.31393367e-01  1.58140966e+00  8.74247740e-01
  -1.07336446e-01  5.32790188e-01  1.93597373e-01  2.90762538e+01
   8.13413390e-01 -1.21100615e+00  7.79388033e-01  4.79341436e-01
   5.21812193e-01  9.29689554e-01  3.23870574e-01]
 [ 1.45982432e+00  3.18897446e-01  2.82053150e-01 -8.64650849e-02
   9.45649988e-01 -1.09371248e+00  1.04612689e+00  2.17655540e-01
  -5.36705613e-01 -3.66947212e+00 -8.89948340e-01  8.13413390e-01
   1.55953351e+01  1.13467260e-01  2.13613952e-01 -2.28210133e+00
   6.69503544e-01 -2.09919937e-01 -4.51910064e-01]
 [ 4.12984367e-01  7.15816785e-01 -1.18235262e-02  1.29057398e+00
  -7.05585023e-01  1.28856986e+00  1.94626332e+00 -5.61068087e-01
  -6.24884979e-01 -3.44267571e-01  1.22178899e+00 -1.21100615e+00
   1.13467260e-01  7.66289572e+00  7.23384223e-01  4.12113959e-01
   5.15544710e-01  9.91004852e-01  2.28450688e-01]
 [-1.23572472e+00 -6.51057262e-01 -2.46036331e-01  1.06935848e+00
   1.55187573e+00  1.69475951e+00  2.43890074e+00  1.25780303e+00
   1.28145119e+00  3.78901130e-01 -1.80793009e-01  7.79388033e-01
   2.13613952e-01  7.23384223e-01  9.25709421e+00  1.80012441e-01
   1.81483328e+00  1.93327350e+00 -1.53336513e+00]
 [-1.22674180e+00  4.73570369e-01  3.56397220e-01  7.94126696e-01
   2.05661522e+00 -1.33648914e+00  2.36693887e+00  8.17771662e-01
   8.15423123e-01  1.37332317e-01 -1.41798856e+00  4.79341436e-01
  -2.28210133e+00  4.12113959e-01  1.80012441e-01  7.41657022e+00
   1.24798646e+00  1.66884725e+00  9.10412566e-01]
 [-1.89271303e+00  5.79824972e-01 -3.09011803e-01  7.06246001e-01
   1.15371846e+00  1.63467187e+00  3.61019932e-01 -1.24225403e+00
   8.52473357e-01  8.08923093e-02  7.47690409e-01  5.21812193e-01
   6.69503544e-01  5.15544710e-01  1.81483328e+00  1.24798646e+00
   2.47960562e+01  1.18102114e+00  8.43269880e-01]
 [-1.08776979e+00  2.17031689e-01  8.78757728e-02  9.35277299e-01
   1.52578590e+00  1.42723751e+00  3.09811148e+00  1.10665756e+00
   1.49486961e+00  8.09046681e-01  1.42917933e+00  9.29689554e-01
  -2.09919937e-01  9.91004852e-01  1.93327350e+00  1.66884725e+00
   1.18102114e+00  5.14388518e+01  1.45746634e+00]
 [-1.13698648e+00 -1.03952083e+00 -9.82337705e-01 -3.13436806e-01
   1.18083977e+00  2.39676273e-01  8.52334454e-01  5.45069236e-01
  -1.69101097e+00  5.90419000e-01  7.72028471e-01  3.23870574e-01
  -4.51910064e-01  2.28450688e-01 -1.53336513e+00  9.10412566e-01
   8.43269880e-01  1.45746634e+00  2.74131518e+01]]
Score:  -1.0100548765107742
N Components: mle
N Features: 19
Transformed Shape: (2000, 19)


USER PROFILES INFO

PCA FIT:  PCA(copy=True, iterated_power='auto', n_components='mle', random_state=None,
    svd_solver='auto', tol=0.0, whiten=False)
Original shape:    (589, 19)
PCA FIT Tranform [[ 4.47957942e-01 -1.51427393e-01 -1.39227766e-01 ...  3.94993418e-02
  -7.57848981e-03  1.75882414e-02]
 [ 2.18427886e-01 -6.43419762e-01 -2.48022490e-01 ...  2.32296649e-02
  -7.81699082e-02  2.01310229e-02]
 [ 7.68549110e-02  6.27985705e-02 -6.10125054e-01 ... -1.39969023e-02
  -4.04401845e-03 -1.04990039e-02]
 ...
 [-1.26529543e+00  2.17681061e-01 -7.75469076e-04 ...  7.00529554e-02
  -2.86262631e-02  2.53730605e-02]
 [ 8.15194129e-01  4.09756721e-01 -1.14703245e+00 ... -4.57691349e-02
  -9.25448959e-02 -2.51121230e-03]
 [ 7.03415352e-01  6.14368041e-01  2.09717353e-01 ... -3.18270089e-02
   1.20660570e-02 -4.15295371e-02]]
Expained Variance Ratio:  [0.33865714 0.24721484 0.10668785 0.0676169  0.05263799 0.03652536
 0.03321709 0.02740602 0.0200626  0.01698555 0.0120138  0.00906401
 0.0086407  0.00818422 0.00719693 0.00348899 0.00306723 0.00078554]
      Action  Adventure  Animation  ...       War   Western      IMAX
0   0.610772   0.465230   0.044701  ...  0.012273  0.001488  0.141334
1  -0.078374   0.281036   0.242904  ... -0.107303 -0.019250  0.039225
2  -0.049372   0.338946   0.273894  ...  0.092549 -0.013467  0.258669
3  -0.354405  -0.045629  -0.002665  ... -0.013848 -0.007062  0.057837
4  -0.196468  -0.001230   0.270142  ... -0.081635  0.009177  0.096682
5  -0.221039  -0.088946   0.107870  ... -0.123679 -0.085801  0.063476
6  -0.219927  -0.117216   0.160712  ... -0.112034 -0.021152 -0.127273
7  -0.166113   0.148592  -0.407179  ... -0.217307 -0.072901  0.247808
8   0.116491   0.245033  -0.150631  ...  0.181914  0.151514 -0.226049
9   0.401114  -0.430491   0.112072  ...  0.199084 -0.020026  0.037989
10  0.154584  -0.396909   0.043792  ...  0.165759 -0.048144  0.691434
11 -0.004961  -0.051097  -0.148204  ... -0.474065  0.205076  0.311052
12 -0.224258   0.360824   0.025810  ...  0.219662  0.013791  0.428954
13  0.255061  -0.009741   0.307348  ... -0.697220 -0.140991 -0.024910
14  0.106492   0.053157  -0.167996  ... -0.140242  0.216245  0.024656
15 -0.041084  -0.059697   0.293486  ...  0.012414  0.889598  0.008399
16  0.050332  -0.040035  -0.562654  ... -0.128820  0.242081  0.035557
17  0.007851  -0.001970  -0.041540  ... -0.044774 -0.033800  0.057494

[18 rows x 19 columns]
Singular Values:  [23.05106695 19.69464638 12.93803715 10.30003148  9.08783732  7.5702147
  7.21924369  6.55743341  5.61053858  5.16238826  4.34161337  3.77112707
  3.68201445  3.58343446  3.36035071  2.33970235  2.1937329   1.1101815 ]
Get Covariance:  [[ 3.92620099e-01  2.32764959e-01  2.69256862e-03 -1.26422432e-02
  -1.34116131e-01  4.71040794e-02 -2.92362194e-03 -1.01620777e-01
   2.86443579e-02 -5.02439785e-03  8.88782926e-03 -2.88550675e-02
   1.48758120e-03 -1.10251353e-01  1.88745645e-01  1.43378668e-01
   2.19145698e-02  5.01234867e-03  6.44558352e-02]
 [ 2.32764959e-01  3.04204765e-01  7.86609190e-02  7.83068651e-02
  -4.22448511e-02 -3.70012747e-02 -2.93475331e-03 -1.21622547e-01
   1.13276502e-01 -6.63226576e-03 -9.27118645e-03  6.18865468e-03
  -1.30626397e-02 -5.59007607e-02  1.44027427e-01  1.47382480e-02
  -6.95278691e-03 -1.48531412e-03  8.53153944e-02]
 [ 2.69256862e-03  7.86609190e-02  9.62772748e-02  9.15556290e-02
   4.48079345e-02 -3.22659234e-02 -8.84466210e-05 -4.18133952e-02
   5.68656875e-02 -2.60300219e-03 -7.73468921e-03  2.77735855e-02
  -8.40361974e-03  1.03126544e-02  1.13852703e-02 -4.69565640e-02
  -1.09875725e-02 -5.19956761e-03  2.90138303e-02]
 [-1.26422432e-02  7.83068651e-02  9.15556290e-02  1.09651703e-01
   5.85127466e-02 -4.71728406e-02 -8.06033020e-04 -5.57744070e-02
   6.27941121e-02 -3.75443928e-03 -9.76011219e-03  3.76899529e-02
  -1.53231940e-02  2.09478750e-02 -2.13141852e-03 -5.65482151e-02
  -1.15114583e-02 -3.30251048e-03  2.42069454e-02]
 [-1.34116131e-01 -4.22448511e-02  4.48079345e-02  5.85127466e-02
   2.96337147e-01 -6.09339090e-02 -4.94893057e-04 -6.73953621e-02
   1.78900638e-02 -1.80383356e-03 -1.13474687e-02  3.27259061e-02
  -3.16375383e-02  1.03807660e-01 -8.31204709e-02 -1.16176858e-01
  -3.28111552e-02 -6.18441816e-03 -3.44510100e-02]
 [ 4.71040794e-02 -3.70012747e-02 -3.22659234e-02 -4.71728406e-02
  -6.09339090e-02  1.54960784e-01  1.26692452e-03  1.05379611e-01
  -3.41440607e-02  3.80778466e-03 -4.04025293e-03 -2.40844631e-02
   3.45195127e-02 -4.12013318e-02 -9.56529037e-03  1.01081819e-01
   1.97878590e-02  1.36995059e-03  8.41023365e-03]
 [-2.92362194e-03 -2.93475331e-03 -8.84466210e-05 -8.06033020e-04
  -4.94893057e-04  1.26692452e-03  1.59527560e-03  2.67758015e-03
  -9.26102354e-04  2.29306849e-04 -6.17392201e-04 -6.64560802e-04
   3.33446336e-04 -7.75804129e-04 -1.77052424e-03 -1.04369397e-03
   1.21534987e-04 -2.61950070e-04 -5.17432550e-04]
 [-1.01620777e-01 -1.21622547e-01 -4.18133952e-02 -5.57744070e-02
  -6.73953621e-02  1.05379611e-01  2.67758015e-03  3.57695771e-01
  -4.76407375e-02  7.14684965e-03 -1.60509718e-02 -1.53242412e-02
   4.47119008e-02  5.27727381e-02 -5.72088180e-02  4.18514614e-02
   5.13104716e-02  4.56502049e-03 -8.45713225e-04]
 [ 2.86443579e-02  1.13276502e-01  5.68656875e-02  6.27941121e-02
   1.78900638e-02 -3.41440607e-02 -9.26102354e-04 -4.76407375e-02
   1.16211704e-01 -2.18442676e-03  1.29403213e-03  1.66756270e-02
  -1.25953060e-03  7.59146595e-03  2.39449070e-02 -3.98668490e-02
  -1.49939056e-02 -6.32256589e-03  4.87385173e-02]
 [-5.02439785e-03 -6.63226576e-03 -2.60300219e-03 -3.75443928e-03
  -1.80383356e-03  3.80778466e-03  2.29306849e-04  7.14684965e-03
  -2.18442676e-03  3.08554046e-03  6.26442687e-04 -5.16544173e-04
   4.87679179e-03  2.79485499e-05 -2.12437004e-03  1.91698835e-03
   1.49921166e-03  1.69338171e-04 -2.54160890e-03]
 [ 8.88782926e-03 -9.27118645e-03 -7.73468921e-03 -9.76011219e-03
  -1.13474687e-02 -4.04025293e-03 -6.17392201e-04 -1.60509718e-02
   1.29403213e-03  6.26442687e-04  5.77032876e-02 -1.59725300e-03
   7.64029395e-03 -2.11772825e-02  1.97429456e-02  2.12832579e-02
  -3.47688751e-03  3.91653472e-04 -8.92746082e-03]
 [-2.88550675e-02  6.18865468e-03  2.77735855e-02  3.76899529e-02
   3.27259061e-02 -2.40844631e-02 -6.64560802e-04 -1.53242412e-02
   1.66756270e-02 -5.16544173e-04 -1.59725300e-03  3.64049812e-02
  -8.35708844e-03  2.40519906e-02 -1.93810898e-02 -2.57369955e-02
  -5.21419047e-03  3.55423245e-03 -1.17333271e-03]
 [ 1.48758120e-03 -1.30626397e-02 -8.40361974e-03 -1.53231940e-02
  -3.16375383e-02  3.45195127e-02  3.33446336e-04  4.47119008e-02
  -1.25953060e-03  4.87679179e-03  7.64029395e-03 -8.35708844e-03
   3.97451313e-02 -1.04711542e-02  6.13061765e-03  3.87247213e-02
   4.57498236e-03 -2.76120624e-03  6.93158829e-03]
 [-1.10251353e-01 -5.59007607e-02  1.03126544e-02  2.09478750e-02
   1.03807660e-01 -4.12013318e-02 -7.75804129e-04  5.27727381e-02
   7.59146595e-03  2.79485499e-05 -2.11772825e-02  2.40519906e-02
  -1.04711542e-02  1.60279284e-01 -6.70074768e-02 -6.47343526e-02
  -1.49870467e-03 -2.80275357e-03 -2.00095756e-02]
 [ 1.88745645e-01  1.44027427e-01  1.13852703e-02 -2.13141852e-03
  -8.31204709e-02 -9.56529037e-03 -1.77052424e-03 -5.72088180e-02
   2.39449070e-02 -2.12437004e-03  1.97429456e-02 -1.93810898e-02
   6.13061765e-03 -6.70074768e-02  2.04731201e-01  5.00708483e-02
   4.61825913e-05 -6.27688871e-03  4.32092406e-02]
 [ 1.43378668e-01  1.47382480e-02 -4.69565640e-02 -5.65482151e-02
  -1.16176858e-01  1.01081819e-01 -1.04369397e-03  4.18514614e-02
  -3.98668490e-02  1.91698835e-03  2.12832579e-02 -2.57369955e-02
   3.87247213e-02 -6.47343526e-02  5.00708483e-02  2.13435002e-01
   1.81520563e-02  6.80732273e-03  4.03815768e-03]
 [ 2.19145698e-02 -6.95278691e-03 -1.09875725e-02 -1.15114583e-02
  -3.28111552e-02  1.97878590e-02  1.21534987e-04  5.13104716e-02
  -1.49939056e-02  1.49921166e-03 -3.47688751e-03 -5.21419047e-03
   4.57498236e-03 -1.49870467e-03  4.61825913e-05  1.81520563e-02
   3.93292826e-02  3.51250549e-03  1.60628223e-03]
 [ 5.01234867e-03 -1.48531412e-03 -5.19956761e-03 -3.30251048e-03
  -6.18441816e-03  1.36995059e-03 -2.61950070e-04  4.56502049e-03
  -6.32256589e-03  1.69338171e-04  3.91653472e-04  3.55423245e-03
  -2.76120624e-03 -2.80275357e-03 -6.27688871e-03  6.80732273e-03
   3.51250549e-03  1.29902899e-02 -3.80311230e-03]
 [ 6.44558352e-02  8.53153944e-02  2.90138303e-02  2.42069454e-02
  -3.44510100e-02  8.41023365e-03 -5.17432550e-04 -8.45713225e-04
   4.87385173e-02 -2.54160890e-03 -8.92746082e-03 -1.17333271e-03
   6.93158829e-03 -2.00095756e-02  4.32092406e-02  4.03815768e-03
   1.60628223e-03 -3.80311230e-03  7.11019808e-02]]
Get Params:  {'copy': True, 'iterated_power': 'auto', 'n_components': 'mle', 'random_state': None, 'svd_solver': 'auto', 'tol': 0.0, 'whiten': False}
Get Precision:  [[ 1.36469437e+01 -8.03371259e+00 -1.72437981e+00  5.23560826e+00
   4.97339176e-01 -3.89642394e+00  3.30296398e-01  3.72300135e+00
   1.58712439e+00  3.62033956e+00  5.18603871e-02  4.26143126e-01
   4.11399492e+00 -6.91232142e-01 -4.75260333e+00 -4.96529813e+00
  -7.82343970e+00 -2.85636992e+00 -1.40835238e+00]
 [-8.03371259e+00  1.79811144e+01 -2.13822013e+00 -5.14005299e+00
  -3.18288400e-01  3.17015463e+00  5.85586776e+00 -3.39262806e-01
  -9.45770256e+00 -1.51679818e+00  4.60805303e+00  2.48055686e+00
   1.70816534e+00  1.61284211e+00 -3.29985471e+00 -1.56278210e-01
   1.80539847e+00 -4.85708520e+00 -3.11164319e+00]
 [-1.72437981e+00 -2.13822013e+00  6.03601619e+01 -5.06371356e+01
  -1.31847335e+00 -2.56019068e+00 -1.95491646e+01 -2.00693686e+00
   2.84850972e+00 -1.04344428e+01 -2.08288264e+00  2.47208947e+00
  -4.23287136e+00  1.05551866e+00 -1.49307210e+00  3.95763154e+00
   5.46094847e+00  6.24759139e+00 -4.70742900e+00]
 [ 5.23560826e+00 -5.14005299e+00 -5.06371356e+01  6.86028187e+01
  -1.24604488e+00  2.10432526e+00  1.17285160e+01  2.92245623e+00
  -6.34878361e+00  2.38384115e+01  3.50208521e+00 -2.23182787e+01
   2.42598751e+00  6.93039339e-01  1.67989304e+00 -2.71344412e+00
  -9.08388393e+00  1.69248437e+00  2.65862743e+00]
 [ 4.97339176e-01 -3.18288400e-01 -1.31847335e+00 -1.24604488e+00
   6.69711768e+00 -1.81915828e+00  1.86946907e+00  1.48594506e+00
   6.89257044e-01 -1.68239173e+00 -8.94990520e-01  5.48315292e-01
   1.53044066e+00 -3.57463005e+00  9.14271790e-01  1.73083721e+00
   2.52678866e+00  1.03015349e+00  1.93770808e+00]
 [-3.89642394e+00  3.17015463e+00 -2.56019068e+00  2.10432526e+00
  -1.81915828e+00  1.59926398e+01 -1.32287790e+00 -4.17786295e+00
  -2.94994623e-01 -2.66113405e+00  3.02953190e+00  1.67192248e+00
  -3.66990280e+00  4.27134902e+00  3.43001882e+00 -4.50203427e+00
   1.52769718e+00  2.64301795e+00 -2.42283564e+00]
 [ 3.30296398e-01  5.85586776e+00 -1.95491646e+01  1.17285160e+01
   1.86946907e+00 -1.32287790e+00  6.75935036e+02 -4.13339305e+00
  -2.26329716e+00 -3.81901192e+01  7.71544772e+00  1.10645994e+01
   6.56210472e+00  8.93202415e+00  3.49733161e+00  4.40481186e+00
   3.50363394e+00  1.08538380e+01  3.92786418e+00]
 [ 3.72300135e+00 -3.39262806e-01 -2.00693686e+00  2.92245623e+00
   1.48594506e+00 -4.17786295e+00 -4.13339305e+00  7.26129687e+00
   3.62330675e-01  2.71674688e+00  5.20099156e-01  2.80126295e-01
  -2.80095617e+00 -3.46785453e+00 -1.40257481e+00 -2.37532495e-01
  -7.15206121e+00 -3.46867752e+00 -1.81579166e+00]
 [ 1.58712439e+00 -9.45770256e+00  2.84850972e+00 -6.34878361e+00
   6.89257044e-01 -2.94994623e-01 -2.26329716e+00  3.62330675e-01
   2.45392609e+01 -6.39237839e+00 -6.66763984e+00 -3.82048418e-01
  -4.63694397e+00 -2.81435074e+00  3.54525865e+00  3.00541341e+00
   4.56601275e+00  4.98909159e+00 -9.12908434e+00]
 [ 3.62033956e+00 -1.51679818e+00 -1.04344428e+01  2.38384115e+01
  -1.68239173e+00 -2.66113405e+00 -3.81901192e+01  2.71674688e+00
  -6.39237839e+00  4.67156049e+02  6.87101209e+00 -1.71692664e+01
  -6.81976777e+01  2.89875268e+00 -3.22248605e+00  8.82887170e+00
  -1.93585733e+01 -1.43819395e+01  2.41833934e+01]
 [ 5.18603871e-02  4.60805303e+00 -2.08288264e+00  3.50208521e+00
  -8.94990520e-01  3.02953190e+00  7.71544772e+00  5.20099156e-01
  -6.66763984e+00  6.87101209e+00  2.37964081e+01 -2.88988833e+00
  -4.18192542e+00  3.92530881e+00 -3.84606354e+00 -3.00525237e+00
  -8.18092492e-01 -2.10128252e+00  5.03441288e+00]
 [ 4.26143126e-01  2.48055686e+00  2.47208947e+00 -2.23182787e+01
   5.48315292e-01  1.67192248e+00  1.10645994e+01  2.80126295e-01
  -3.82048418e-01 -1.71692664e+01 -2.88988833e+00  5.54052395e+01
   3.81845486e+00 -4.72786675e+00  1.45173189e+00 -1.37619210e+00
   2.87711829e+00 -1.89560742e+01 -7.54425813e-03]
 [ 4.11399492e+00  1.70816534e+00 -4.23287136e+00  2.42598751e+00
   1.53044066e+00 -3.66990280e+00  6.56210472e+00 -2.80095617e+00
  -4.63694397e+00 -6.81976777e+01 -4.18192542e+00  3.81845486e+00
   5.35642250e+01 -1.73177772e-01 -2.21033445e+00 -9.06304882e+00
   2.58155207e+00  9.94916959e+00 -6.34782853e+00]
 [-6.91232142e-01  1.61284211e+00  1.05551866e+00  6.93039339e-01
  -3.57463005e+00  4.27134902e+00  8.93202415e+00 -3.46785453e+00
  -2.81435074e+00  2.89875268e+00  3.92530881e+00 -4.72786675e+00
  -1.73177772e-01  1.25478784e+01  8.63393103e-01 -4.57262971e-01
  -6.42846153e-01  4.01523270e+00  1.53751582e+00]
 [-4.75260333e+00 -3.29985471e+00 -1.49307210e+00  1.67989304e+00
   9.14271790e-01  3.43001882e+00  3.49733161e+00 -1.40257481e+00
   3.54525865e+00 -3.22248605e+00 -3.84606354e+00  1.45173189e+00
  -2.21033445e+00  8.63393103e-01  1.25278943e+01  1.18174173e+00
   3.47690609e+00  7.15988410e+00 -1.57061652e+00]
 [-4.96529813e+00 -1.56278210e-01  3.95763154e+00 -2.71344412e+00
   1.73083721e+00 -4.50203427e+00  4.40481186e+00 -2.37532495e-01
   3.00541341e+00  8.82887170e+00 -3.00525237e+00 -1.37619210e+00
  -9.06304882e+00 -4.57262971e-01  1.18174173e+00  1.29765296e+01
   2.56005311e+00 -2.17169752e+00  2.37907705e+00]
 [-7.82343970e+00  1.80539847e+00  5.46094847e+00 -9.08388393e+00
   2.52678866e+00  1.52769718e+00  3.50363394e+00 -7.15206121e+00
   4.56601275e+00 -1.93585733e+01 -8.18092492e-01  2.87711829e+00
   2.58155207e+00 -6.42846153e-01  3.47690609e+00  2.56005311e+00
   4.11375035e+01 -2.18114205e+00 -8.39906547e-01]
 [-2.85636992e+00 -4.85708520e+00  6.24759139e+00  1.69248437e+00
   1.03015349e+00  2.64301795e+00  1.08538380e+01 -3.46867752e+00
   4.98909159e+00 -1.43819395e+01 -2.10128252e+00 -1.89560742e+01
   9.94916959e+00  4.01523270e+00  7.15988410e+00 -2.17169752e+00
  -2.18114205e+00  9.88071768e+01  2.27195853e+00]
 [-1.40835238e+00 -3.11164319e+00 -4.70742900e+00  2.65862743e+00
   1.93770808e+00 -2.42283564e+00  3.92786418e+00 -1.81579166e+00
  -9.12908434e+00  2.41833934e+01  5.03441288e+00 -7.54425813e-03
  -6.34782853e+00  1.53751582e+00 -1.57061652e+00  2.37907705e+00
  -8.39906547e-01  2.27195853e+00  3.10884725e+01]]
Score:  2.9188853911869015
N Components: mle
N Features: 19
Transformed Shape: (2000, 19)
